0 Untitled Model
0 Name:  revvy guy
0 Author:  
0 CustomBrick
0 NumOfBricks:  22
1 15 -30.000000 99.999900 -10.000300 1.000000 0.000000 0.000000 0.000000 0.000002 -1.000000 0.000000 1.000000 0.000002 br.dat
0 STEP
1 15 38.200000 -175.000000 18.125200 0.000000 1.000000 0.000000 -1.000000 0.000000 0.000000 0.000000 0.000000 1.000000 cp1x1.dat
1 15 38.200000 -175.000000 43.125300 0.000000 1.000000 0.000000 -1.000000 0.000000 0.000000 0.000000 0.000000 1.000000 cp1x1.dat
1 15 113.200000 -175.000100 18.125200 0.000000 1.000000 0.000000 -1.000000 0.000000 0.000000 0.000000 0.000000 1.000000 cp1x1.dat
1 15 113.200000 -175.000000 43.125300 0.000000 1.000000 0.000000 -1.000000 0.000000 0.000000 0.000000 0.000000 1.000000 cp1x1.dat
0 STEP
1 15 15.075000 -300.000100 -22.499800 1.000000 0.000000 0.000000 0.000000 1.000000 0.000000 0.000000 0.000000 1.000000 us.dat
0 STEP
1 15 -64.925000 -175.000100 15.000200 1.000000 0.000000 0.000000 0.000000 -0.000002 1.000000 0.000000 -1.000000 -0.000002 ct2x2.dat
0 STEP
1 15 235.075000 -175.000100 -9.999900 -1.000000 0.000001 0.000000 0.000000 0.000000 1.000000 0.000001 1.000000 0.000000 ct2x2.dat
0 STEP
1 15 301.271300 -175.000100 33.477400 -0.984808 0.000000 0.173648 0.000000 1.000000 0.000000 -0.173648 0.000000 -0.984808 cb6h.dat
0 STEP
1 15 -159.258800 -175.000100 2.536200 0.116670 0.000000 0.993171 0.000000 1.000000 0.000000 -0.993171 0.000000 0.116670 cb6h.dat
0 STEP
1 15 6.950000 3.125100 64.999900 0.000000 0.000000 -1.000000 0.000000 1.000000 0.000000 1.000000 0.000000 0.000000 cp1x1.dat
1 15 181.950000 3.125100 64.999900 0.000000 0.000000 -1.000000 0.000000 1.000000 0.000000 1.000000 0.000000 0.000000 cp1x1.dat
0 STEP
1 15 85.075130 25.000180 89.997890 1.000000 0.000000 0.000000 0.000000 0.000000 1.000000 0.000000 -1.000000 0.000000 ba.dat
0 STEP
1 15 -39.925000 78.125000 -6.875200 1.000000 0.000000 0.000000 0.000000 1.000000 0.000000 0.000000 0.000000 1.000000 axp2p.dat
1 15 210.075100 78.125000 11.874700 -1.000000 0.000000 0.000000 0.000000 1.000000 0.000000 0.000000 0.000000 -1.000000 axp2p.dat
0 STEP
1 15 233.825000 87.853300 -109.647400 0.000000 0.000000 -1.000000 -0.707106 0.707108 0.000000 0.707108 0.707106 0.000001 wh.dat
1 15 -67.875100 87.853300 114.646900 0.000000 0.000000 1.000000 -0.707106 0.707108 0.000000 -0.707108 -0.707106 0.000000 wh.dat
0 STEP
1 15 106.950000 125.000200 143.124900 0.000000 0.000000 -1.000000 -1.000000 0.000000 0.000000 0.000000 1.000000 0.000000 cp1x1.dat
1 15 106.950000 125.000200 168.124900 0.000000 0.000000 -1.000000 -1.000000 0.000000 0.000000 0.000000 1.000000 0.000000 cp1x1.dat
1 15 81.950010 125.000200 168.124900 0.000000 0.000000 -1.000000 -1.000000 0.000000 0.000000 0.000000 1.000000 0.000000 cp1x1.dat
1 15 81.950010 125.000200 143.124900 0.000000 0.000000 -1.000000 -1.000000 0.000000 0.000000 0.000000 1.000000 0.000000 cp1x1.dat
0 STEP
1 15 110.075000 168.000200 139.999900 -1.000000 0.000000 0.000000 0.000000 -1.000000 0.000000 0.000000 0.000000 1.000000 cw.dat
0 STEP
