0 FILE Carby_v1.io
0 Untitled Model
0 Name:  Carby_v1
0 Author:  
0 CustomBrick
0 NumOfBricks:  213
1 15 -50.000000 -100.000000 -80.000000 1.000000 0.000000 0.000000 0.000000 1.000000 0.000000 0.000000 0.000000 1.000000 br.dat
0 STEP
1 15 143.200000 -46.875000 245.000000 0.000000 0.000000 1.000000 0.000000 1.000000 0.000000 -1.000000 0.000000 0.000000 cp1x1.dat
1 15 -31.800000 -46.875000 245.000000 0.000000 0.000000 1.000000 0.000000 1.000000 0.000000 -1.000000 0.000000 0.000000 cp1x1.dat
1 15 -31.800000 -71.875000 245.000000 0.000000 0.000000 1.000000 0.000000 1.000000 0.000000 -1.000000 0.000000 0.000000 cp1x1.dat
1 15 143.200000 -71.875000 245.000000 0.000000 0.000000 1.000000 0.000000 1.000000 0.000000 -1.000000 0.000000 0.000000 cp1x1.dat
0 STEP
1 16 45.075000 -0.500000 325.000100 1.000000 0.000000 0.000000 0.000000 1.000000 0.000000 0.000000 0.000000 1.000000 battery
0 STEP
1 15 -13.050000 -25.000000 348.125100 0.000000 -1.000000 0.000000 1.000000 0.000000 0.000000 0.000000 0.000000 1.000000 cp1x1.dat
1 15 -13.050000 -25.000000 148.125000 0.000000 -1.000000 0.000000 1.000000 0.000000 0.000000 0.000000 0.000000 1.000000 cp1x1.dat
1 15 161.950000 -25.000000 348.125100 0.000000 -1.000000 0.000000 1.000000 0.000000 0.000000 0.000000 0.000000 1.000000 cp1x1.dat
1 15 61.950000 -25.000000 348.125100 0.000000 -1.000000 0.000000 1.000000 0.000000 0.000000 0.000000 0.000000 1.000000 cp1x1.dat
1 15 86.950000 -25.000000 348.125100 0.000000 -1.000000 0.000000 1.000000 0.000000 0.000000 0.000000 0.000000 1.000000 cp1x1.dat
1 15 161.950000 -25.000000 148.125000 0.000000 -1.000000 0.000000 1.000000 0.000000 0.000000 0.000000 0.000000 1.000000 cp1x1.dat
1 15 86.950000 -25.000000 148.125000 0.000000 -1.000000 0.000000 1.000000 0.000000 0.000000 0.000000 0.000000 1.000000 cp1x1.dat
1 15 61.950000 -25.000000 148.125000 0.000000 -1.000000 0.000000 1.000000 0.000000 0.000000 0.000000 0.000000 1.000000 cp1x1.dat
0 STEP
1 16 50.075000 75.000000 300.000000 1.000000 0.000000 0.000000 0.000000 1.000000 0.000000 0.000000 0.000000 1.000000 motor group
0 STEP
1 15 115.075000 50.000000 70.000000 0.000000 1.000000 0.000000 -1.000000 0.000000 0.000000 0.000000 0.000000 1.000000 ct2x2.dat
1 15 -9.925000 50.000000 70.000000 0.000000 1.000000 0.000000 -1.000000 0.000000 0.000000 0.000000 0.000000 1.000000 ct2x2.dat
1 15 15.075000 50.000000 45.000000 0.000000 -1.000000 0.000000 -1.000000 0.000000 0.000000 0.000000 0.000000 -1.000000 ct2x2.dat
1 15 140.075000 50.000000 45.000000 0.000000 -1.000000 0.000000 -1.000000 0.000000 0.000000 0.000000 0.000000 -1.000000 ct2x2.dat
0 STEP
1 15 -109.924900 28.125000 98.125000 1.000000 0.000000 0.000000 0.000000 1.000000 0.000000 0.000000 0.000000 1.000000 axp4p.dat
1 15 -109.925000 28.125000 -1.875000 1.000000 0.000000 0.000000 0.000000 1.000000 0.000000 0.000000 0.000000 1.000000 axp4p.dat
1 15 -34.925000 3.125000 123.125000 1.000000 0.000000 0.000000 0.000000 1.000000 0.000000 0.000000 0.000000 1.000000 cp1x1.dat
1 15 -34.925000 3.125000 98.125000 1.000000 0.000000 0.000000 0.000000 1.000000 0.000000 0.000000 0.000000 1.000000 cp1x1.dat
1 15 -34.925000 3.125000 -1.875000 1.000000 0.000000 0.000000 0.000000 1.000000 0.000000 0.000000 0.000000 1.000000 cp1x1.dat
1 15 -34.925000 3.125000 -26.875000 1.000000 0.000000 0.000000 0.000000 1.000000 0.000000 0.000000 0.000000 1.000000 cp1x1.dat
0 STEP
1 15 240.075000 28.125000 116.875000 -1.000000 0.000000 0.000000 0.000000 1.000000 0.000000 0.000000 0.000000 -1.000000 axp4p.dat
1 15 240.075000 28.125000 16.875000 -1.000000 0.000000 0.000000 0.000000 1.000000 0.000000 0.000000 0.000000 -1.000000 axp4p.dat
1 15 115.075000 3.125000 -1.875000 1.000000 0.000000 0.000000 0.000000 1.000000 0.000000 0.000000 0.000000 1.000000 cp1x1.dat
1 15 115.075000 3.125000 123.125000 1.000000 0.000000 0.000000 0.000000 1.000000 0.000000 0.000000 0.000000 1.000000 cp1x1.dat
1 15 115.075000 3.125000 98.125000 1.000000 0.000000 0.000000 0.000000 1.000000 0.000000 0.000000 0.000000 1.000000 cp1x1.dat
1 15 115.075100 3.125000 -26.875000 1.000000 0.000000 0.000000 0.000000 1.000000 0.000000 0.000000 0.000000 1.000000 cp1x1.dat
0 STEP
1 15 165.075000 0.000100 -105.000000 0.000000 -1.000000 0.000000 1.000000 0.000000 0.000000 0.000000 0.000000 1.000000 s10x2.dat
1 15 -9.925000 0.000000 -105.000000 0.000000 -1.000000 0.000000 1.000000 0.000000 0.000000 0.000000 0.000000 1.000000 s10x2.dat
0 STEP
1 15 140.075000 -71.875000 273.125100 1.000000 0.000000 0.000000 0.000000 1.000000 0.000000 0.000000 0.000000 1.000000 cp1x1.dat
1 15 140.075000 -46.875000 273.125100 1.000000 0.000000 0.000000 0.000000 1.000000 0.000000 0.000000 0.000000 1.000000 cp1x1.dat
1 15 215.075000 28.125000 291.875100 -1.000000 0.000000 0.000000 0.000000 1.000000 0.000000 0.000000 0.000000 -1.000000 cp2x1.dat
1 15 215.075000 28.125100 -58.125000 -1.000000 0.000000 0.000000 0.000000 1.000000 0.000000 0.000000 0.000000 -1.000000 cp2x1.dat
1 15 215.075000 3.125100 -58.125000 -1.000000 0.000000 0.000000 0.000000 1.000000 0.000000 0.000000 0.000000 -1.000000 cp2x1.dat
1 15 215.075000 3.125100 -83.125000 -1.000000 0.000000 0.000000 0.000000 1.000000 0.000000 0.000000 0.000000 -1.000000 cp2x1.dat
0 STEP
1 15 165.075000 50.000000 270.000100 0.000000 1.000000 0.000000 -1.000000 0.000000 0.000000 0.000000 0.000000 1.000000 s5x1.dat
1 15 165.075100 50.000100 -80.000000 0.000000 1.000000 0.000000 -1.000000 0.000000 0.000000 0.000000 0.000000 1.000000 s2x1.dat
1 15 190.075000 25.000100 -105.000000 0.000000 -1.000000 0.000000 0.000000 0.000000 -1.000000 1.000000 0.000000 0.000000 cc1x1.dat
0 STEP
1 15 165.075000 3.125000 273.125100 1.000000 0.000000 0.000000 0.000000 1.000000 0.000000 0.000000 0.000000 1.000000 cp1x1.dat
0 STEP
1 15 140.075000 53.125100 198.125100 1.000000 0.000000 0.000000 0.000000 1.000000 0.000000 0.000000 0.000000 1.000000 cp1x1.dat
1 15 140.075000 28.125100 223.125100 1.000000 0.000000 0.000000 0.000000 1.000000 0.000000 0.000000 0.000000 1.000000 cp1x1.dat
1 15 140.075000 3.125100 198.125100 1.000000 0.000000 0.000000 0.000000 1.000000 0.000000 0.000000 0.000000 1.000000 cp1x1.dat
1 15 140.075000 28.125100 173.125100 1.000000 0.000000 0.000000 0.000000 1.000000 0.000000 0.000000 0.000000 1.000000 cp1x1.dat
0 STEP
1 16 165.075000 90.500100 184.500100 1.000000 0.000000 0.000000 0.000000 1.000000 0.000000 0.000000 0.000000 1.000000 gear_axle
0 STEP
1 15 165.074900 37.500200 32.546700 0.000000 1.000000 0.000001 -0.707108 -0.000001 0.707105 0.707105 -0.000001 0.707108 g40.dat
1 15 165.074900 37.500200 -67.453300 0.000000 1.000000 0.000001 -0.707108 -0.000001 0.707106 0.707105 -0.000001 0.707108 g40.dat
0 STEP
1 15 190.075100 50.000100 -305.000000 0.000000 1.000000 0.000000 -1.000000 0.000000 0.000000 0.000000 0.000000 1.000000 s24x2.dat
0 STEP
1 15 -84.925000 28.125000 273.125100 1.000000 0.000000 0.000000 0.000000 1.000000 0.000000 0.000000 0.000000 1.000000 cp2x1.dat
1 15 -59.925000 -46.875000 273.125100 1.000000 0.000000 0.000000 0.000000 1.000000 0.000000 0.000000 0.000000 1.000000 cp1x1.dat
1 15 -59.925000 -71.875000 273.125100 1.000000 0.000000 0.000000 0.000000 1.000000 0.000000 0.000000 0.000000 1.000000 cp1x1.dat
1 15 -84.925000 3.125000 -76.875000 1.000000 0.000000 0.000000 0.000000 1.000000 0.000000 0.000000 0.000000 1.000000 cp2x1.dat
1 15 -84.925000 28.125000 -76.875000 1.000000 0.000000 0.000000 0.000000 1.000000 0.000000 0.000000 0.000000 1.000000 cp2x1.dat
0 STEP
1 15 -34.925000 -75.000000 270.000100 0.000000 -1.000000 0.000000 1.000000 0.000000 0.000000 0.000000 0.000000 1.000000 s5x1.dat
1 15 -34.925000 0.000000 -80.000000 0.000000 -1.000000 0.000000 1.000000 0.000000 0.000000 0.000000 0.000000 1.000000 s2x1.dat
0 STEP
1 15 -84.925000 3.125000 273.125100 1.000000 0.000000 0.000000 0.000000 1.000000 0.000000 0.000000 0.000000 1.000000 cp1x1.dat
0 STEP
1 15 -59.925000 3.125000 198.125100 1.000000 0.000000 0.000000 0.000000 1.000000 0.000000 0.000000 0.000000 1.000000 cp1x1.dat
1 15 -59.925000 28.125000 223.125000 1.000000 0.000000 0.000000 0.000000 1.000000 0.000000 0.000000 0.000000 1.000000 cp1x1.dat
1 15 -59.925000 28.125000 173.125100 1.000000 0.000000 0.000000 0.000000 1.000000 0.000000 0.000000 0.000000 1.000000 cp1x1.dat
1 15 -59.925000 53.125000 198.125100 1.000000 0.000000 0.000000 0.000000 1.000000 0.000000 0.000000 0.000000 1.000000 cp1x1.dat
0 STEP
1 16 -30.468500 86.043500 184.500100 1.000000 0.000000 0.000000 0.000000 1.000000 0.000000 0.000000 0.000000 1.000000 gear_axle_2
0 STEP
1 15 -34.925000 37.499900 -67.453300 0.000000 -1.000000 0.000001 0.707108 -0.000001 -0.707106 0.707106 0.000001 0.707108 g40.dat
1 15 -34.925000 37.499900 32.546700 0.000000 -1.000000 0.000001 0.707108 -0.000001 -0.707106 0.707105 0.000001 0.707108 g40.dat
0 STEP
1 15 -59.924900 50.000000 295.000100 0.000000 -1.000000 0.000000 -1.000000 0.000000 0.000000 0.000000 0.000000 -1.000000 s24x2.dat
0 STEP
1 15 265.105000 -41.549700 127.950500 0.000000 0.000000 -1.000000 0.000000 1.000000 0.000000 1.000000 0.000000 0.000000 wh.dat
1 15 263.824900 -74.647100 7.146200 0.000001 0.000000 -1.000000 0.707105 0.707108 0.000001 0.707108 -0.707105 0.000001 wh.dat
1 15 -135.065000 -41.549800 287.049700 0.000000 0.000000 1.000000 0.000000 1.000000 0.000000 -1.000000 0.000000 0.000000 wh.dat
1 15 -134.724900 -74.647100 7.853800 -0.000001 0.000000 1.000000 0.707105 0.707108 0.000001 -0.707108 0.707105 -0.000001 wh.dat
0 STEP
1 15 190.075100 0.000100 -305.000000 1.000000 0.000000 0.000000 0.000000 1.000000 0.000000 0.000000 0.000000 1.000000 cc2x2.dat
1 15 190.075100 0.000100 -155.000000 1.000000 0.000000 0.000000 0.000000 1.000000 0.000000 0.000000 0.000000 1.000000 cc2x2.dat
1 15 165.075100 3.125100 -226.875000 1.000000 0.000000 0.000000 0.000000 1.000000 0.000000 0.000000 0.000000 1.000000 cp1x1.dat
0 STEP
1 15 165.075100 25.000100 -205.000000 0.000000 1.000000 0.000000 0.000000 0.000000 -1.000000 -1.000000 0.000000 0.000000 cc1x1.dat
1 15 261.950100 25.000100 -283.125000 0.000000 -1.000000 0.000000 -1.000000 0.000000 0.000000 0.000000 0.000000 -1.000000 cp1x1.dat
0 STEP
1 15 -84.925000 3.125000 -301.875100 1.000000 0.000000 0.000000 0.000000 1.000000 0.000000 0.000000 0.000000 1.000000 cp1x1.dat
1 15 -84.925000 28.125000 -301.875100 1.000000 0.000000 0.000000 0.000000 1.000000 0.000000 0.000000 0.000000 1.000000 cp1x1.dat
1 15 -84.925000 3.125000 -126.875000 1.000000 0.000000 0.000000 0.000000 1.000000 0.000000 0.000000 0.000000 1.000000 cp1x1.dat
1 15 -84.925000 28.125000 -126.875000 1.000000 0.000000 0.000000 0.000000 1.000000 0.000000 0.000000 0.000000 1.000000 cp1x1.dat
0 STEP
1 16 -9.925100 -153.983900 -277.247800 1.000000 0.000000 0.000000 0.000000 -0.342026 0.939691 0.000000 -0.939691 -0.342026 claw_base
0 STEP
1 16 25.278800 -380.523400 -262.908700 1.000000 0.000000 0.000000 0.000000 -0.342023 0.939692 0.000000 -0.939692 -0.342023 gripper
0 STEP
1 15 -59.925010 -96.875000 -76.875000 1.000000 0.000000 0.000000 0.000000 1.000000 0.000000 0.000000 0.000000 1.000000 cp1x1.dat
1 15 -59.925010 -96.875000 -26.875000 1.000000 0.000000 0.000000 0.000000 1.000000 0.000000 0.000000 0.000000 1.000000 cp1x1.dat
1 15 -59.925010 -96.875000 73.125000 1.000000 0.000000 0.000000 0.000000 1.000000 0.000000 0.000000 0.000000 1.000000 cp1x1.dat
1 15 -59.925010 -96.875000 123.125000 1.000000 0.000000 0.000000 0.000000 1.000000 0.000000 0.000000 0.000000 1.000000 cp1x1.dat
0 STEP
1 15 -34.925010 -150.000000 -80.000000 0.000000 -1.000000 0.000000 1.000000 0.000000 0.000000 0.000000 0.000000 1.000000 a90l.dat
1 15 -59.925010 -150.000000 145.000000 0.000000 1.000000 0.000000 1.000000 0.000000 0.000000 0.000000 0.000000 -1.000000 a90l.dat
0 STEP
1 16 -24.925000 -100.000000 30.000020 1.000000 0.000000 0.000000 0.000000 1.000000 0.000000 0.000000 0.000000 1.000000 shooter
0 STEP
0 NOFILE
0 FILE battery
0 battery
0 Name:  battery
0 Author:  
0 CustomBrick
0 NumOfBricks:  9
1 15 20.000000 0.000000 -30.000000 1.000000 0.000000 0.000000 0.000000 1.000000 0.000000 0.000000 0.000000 1.000000 ba_bottom.dat
0 STEP
1 16 20.000000 -12.000000 -40.000000 1.000000 0.000000 0.000000 0.000000 1.000000 0.000000 0.000000 0.000000 1.000000 battery_tray
0 STEP
1 15 20.000300 -74.573900 -39.500000 1.000000 0.000000 0.000000 0.000000 1.000000 0.000000 0.000000 0.000000 1.000000 ba_top.dat
0 STEP
0 NOFILE
0 FILE battery_tray
0 battery_tray
0 Name:  battery_tray
0 Author:  
0 CustomBrick
0 NumOfBricks:  7
1 15 0.000000 0.000000 0.125000 1.000000 0.000000 0.000000 0.000000 1.000000 0.000000 0.000000 0.000000 1.000000 ba_tray.dat
1 15 -2.500000 -33.000000 -39.000000 1.000000 0.000000 0.000000 0.000000 1.000000 0.000000 0.000000 0.000000 1.000000 ba_battery.dat
1 15 -2.500000 -33.000000 39.000000 1.000000 0.000000 0.000000 0.000000 1.000000 0.000000 0.000000 0.000000 1.000000 ba_battery.dat
1 15 -2.500000 2.500000 0.500000 1.000000 0.000000 0.000000 0.000000 1.000000 0.000000 0.000000 0.000000 1.000000 ba_battery.dat
1 15 2.500000 2.500000 38.500000 -1.000000 0.000000 0.000000 0.000000 1.000000 0.000000 0.000000 0.000000 -1.000000 ba_battery.dat
1 15 2.500000 -33.000000 0.000000 -1.000000 0.000000 0.000000 0.000000 1.000000 0.000000 0.000000 0.000000 -1.000000 ba_battery.dat
1 15 2.500000 2.500000 -39.500000 -1.000000 0.000000 0.000000 0.000000 1.000000 0.000000 0.000000 0.000000 -1.000000 ba_battery.dat
0 NOFILE
0 FILE Motor group
0 Motor group
0 Name:  Motor group
0 Author:  
0 CustomBrick
0 NumOfBricks:  6
1 15 120.000000 0.000100 70.000000 0.000000 0.000000 -1.000000 0.000000 -1.000000 0.000000 -1.000000 0.000000 0.000000 mo.dat
0 STEP
1 15 -10.000000 -21.875000 48.125000 1.000000 0.000000 0.000000 0.000000 1.000000 0.000000 0.000000 0.000000 1.000000 cp1x1.dat
1 15 -10.000000 -71.875000 23.125000 1.000000 0.000000 0.000000 0.000000 1.000000 0.000000 0.000000 0.000000 1.000000 cp1x1.dat
1 15 -10.000000 -21.875000 -51.875000 1.000000 0.000000 0.000000 0.000000 1.000000 0.000000 0.000000 0.000000 1.000000 cp1x1.dat
1 15 -9.999900 -21.875000 -151.875000 1.000000 0.000000 0.000000 0.000000 1.000000 0.000000 0.000000 0.000000 1.000000 cp1x1.dat
0 STEP
1 15 -90.000000 -75.000000 70.000000 0.000000 0.000000 1.000000 0.000000 1.000000 0.000000 -1.000000 0.000000 0.000000 mo.dat
0 STEP
0 NOFILE
0 FILE Gear_axle
0 Gear_axle
0 Name:  Gear_axle
0 Author:  
0 CustomBrick
0 NumOfBricks:  2
1 15 0.000000 0.000000 -30.000000 0.000000 1.000000 0.000000 -1.000000 0.000000 0.000000 0.000000 0.000000 1.000000 g40.dat
0 STEP
1 15 -1.875000 -66.258300 22.999800 1.000000 0.000003 -0.000008 0.000003 0.707109 0.707105 0.000008 -0.707105 0.707109 axp3c.dat
0 STEP
0 NOFILE
0 FILE Gear_axle_2
0 Gear_axle_2
0 Name:  Gear_axle_2
0 Author:  
0 CustomBrick
0 NumOfBricks:  2
1 15 -4.456500 -101.543500 -30.000000 0.000000 -1.000000 0.000000 1.000000 0.000000 0.000000 0.000000 0.000000 1.000000 g40.dat
0 STEP
1 15 -2.581500 -61.801900 23.000200 -1.000000 -0.000003 0.000008 0.000003 0.707109 0.707105 -0.000008 0.707105 -0.707109 axp3c.dat
0 STEP
0 NOFILE
0 FILE claw_base
0 claw_base
0 Name:  claw_base
0 Author:  
0 CustomBrick
0 NumOfBricks:  39
1 15 280.000000 -0.935900 83.710600 0.000001 0.000000 -1.000000 -0.939694 -0.342017 0.000000 -0.342018 0.939694 0.000000 mo.dat
0 STEP
1 15 150.000100 -185.168700 78.341300 1.000000 0.000000 0.000000 0.000000 0.996195 0.087157 0.000000 -0.087157 0.996195 cp1x1.dat
1 15 150.000100 -200.110500 46.298600 1.000000 0.000000 0.000000 0.000000 0.996195 0.087157 0.000000 -0.087157 0.996195 cp1x1.dat
1 15 150.000100 -153.125900 63.399400 1.000000 0.000000 0.000000 0.000000 0.996195 0.087157 0.000000 -0.087157 0.996195 cp1x1.dat
1 15 150.000100 -168.067800 31.356600 1.000000 0.000000 0.000000 0.000000 0.996195 0.087157 0.000000 -0.087157 0.996195 cp1x1.dat
0 STEP
1 15 175.000100 -214.526000 85.784000 0.000000 -1.000000 0.000000 0.342019 0.000000 0.939693 -0.939693 0.000000 0.342019 axb3.dat
0 STEP
1 16 65.000000 11.007500 60.073000 1.000000 0.000000 0.000000 0.000000 1.000000 0.000000 0.000000 0.000000 1.000000 gripper_base
0 STEP
1 15 -51.340100 -172.691300 61.104200 1.000000 -0.000001 -0.000001 0.000001 0.906308 0.422617 0.000000 -0.422617 0.906308 axp12s.dat
0 STEP
1 15 125.460400 -149.726900 99.259300 -0.000008 1.000000 -0.000002 0.342019 0.000001 -0.939693 -0.939693 -0.000008 -0.342019 g20.dat
0 STEP
1 15 125.120100 -178.961900 50.871400 0.000000 -1.000000 0.000000 1.000000 0.000000 0.000000 0.000000 0.000000 1.000000 s1x1.dat
1 15 100.430100 -178.961600 50.871300 0.000000 -1.000000 0.000000 1.000000 0.000000 0.000000 0.000000 0.000000 1.000000 s1x1.dat
1 15 75.730100 -178.961700 50.871300 0.000000 -1.000000 0.000000 1.000000 0.000000 0.000000 0.000000 0.000000 1.000000 s1x1.dat
1 15 50.890100 -178.961700 50.871300 0.000000 -1.000000 0.000000 1.000000 0.000000 0.000000 0.000000 0.000000 1.000000 s1x1.dat
1 15 25.840100 -178.961700 50.871200 0.000000 -1.000000 0.000000 1.000000 0.000000 0.000000 0.000000 0.000000 1.000000 s1x1.dat
0 STEP
1 15 -25.399600 -149.726900 99.259200 -0.000008 1.000000 -0.000002 0.342019 0.000001 -0.939693 -0.939693 -0.000008 -0.342019 g20.dat
0 STEP
1 15 -1.340000 -85.750700 97.573000 -1.000000 -0.000001 0.000001 0.000001 0.707108 0.707105 -0.000001 0.707105 -0.707108 axp2p.dat
0 STEP
1 15 -26.340100 -9.486400 107.202600 0.000000 -1.000000 0.000000 -0.342014 0.000000 -0.939695 0.939695 0.000000 -0.342014 s8x4.dat
0 STEP
0 NOFILE
0 FILE gripper_base
0 gripper_base
0 Name:  gripper_base
0 Author:  
0 CustomBrick
0 NumOfBricks:  23
1 15 -40.000000 -126.000000 -149.999900 0.000000 1.000000 0.000000 0.000000 0.000000 1.000000 1.000000 0.000000 0.000000 mo.dat
0 STEP
1 15 10.000000 -117.875000 -71.875000 1.000000 0.000000 0.000000 0.000000 1.000000 0.000000 0.000000 0.000000 1.000000 cp1x1.dat
1 15 10.000000 -117.874900 53.124900 1.000000 0.000000 0.000000 0.000000 1.000000 0.000000 0.000000 0.000000 1.000000 cp1x1.dat
1 15 10.000000 -42.875000 -71.875000 1.000000 0.000000 0.000000 0.000000 1.000000 0.000000 0.000000 0.000000 1.000000 cp1x1.dat
1 15 10.000000 -42.875000 53.124900 1.000000 0.000000 0.000000 0.000000 1.000000 0.000000 0.000000 0.000000 1.000000 cp1x1.dat
1 15 -65.000000 -117.875000 -71.875000 1.000000 0.000000 0.000000 0.000000 1.000000 0.000000 0.000000 0.000000 1.000000 cp1x1.dat
1 15 -65.000000 -117.874900 53.125000 1.000000 0.000000 0.000000 0.000000 1.000000 0.000000 0.000000 0.000000 1.000000 cp1x1.dat
1 15 -65.000000 -42.875000 53.124900 1.000000 0.000000 0.000000 0.000000 1.000000 0.000000 0.000000 0.000000 1.000000 cp1x1.dat
1 15 -65.000000 -42.875000 -71.875000 1.000000 0.000000 0.000000 0.000000 1.000000 0.000000 0.000000 0.000000 1.000000 cp1x1.dat
0 STEP
1 15 35.000000 -21.000000 -100.000000 0.000000 1.000000 0.000000 -1.000000 0.000000 0.000000 0.000000 0.000000 1.000000 s8x4.dat
1 15 -65.000000 -21.000000 -100.000000 0.000000 1.000000 0.000000 -1.000000 0.000000 0.000000 0.000000 0.000000 1.000000 s8x4.dat
0 STEP
1 15 110.000000 -117.875000 46.875000 -1.000000 0.000000 0.000000 0.000000 1.000000 0.000000 0.000000 0.000000 -1.000000 cp2x1.dat
1 15 110.000000 -92.875000 21.875000 -1.000000 0.000000 0.000000 0.000000 1.000000 0.000000 0.000000 0.000000 -1.000000 cp2x1.dat
1 15 110.000000 -67.875000 46.875000 -1.000000 0.000000 0.000000 0.000000 1.000000 0.000000 0.000000 0.000000 -1.000000 cp2x1.dat
1 15 110.000000 -92.875000 71.875100 -1.000000 0.000000 0.000000 0.000000 1.000000 0.000000 0.000000 0.000000 -1.000000 cp2x1.dat
0 STEP
1 15 60.500000 -5.500000 -40.500000 0.000000 1.000000 0.000000 -1.000000 0.000000 0.000000 0.000000 0.000000 1.000000 g60.dat
0 STEP
1 15 110.000000 -121.000000 75.000000 0.000000 -1.000000 0.000000 0.000000 0.000000 1.000000 -1.000000 0.000000 0.000000 axb3.dat
0 STEP
1 15 85.000000 -96.758200 37.500000 1.000000 -0.000001 0.000000 0.000001 0.707108 0.707105 0.000000 -0.707105 0.707108 axp2p.dat
0 STEP
1 15 -90.000000 -117.875000 28.125000 1.000000 0.000000 0.000000 0.000000 1.000000 0.000000 0.000000 0.000000 1.000000 cp1x1.dat
1 15 -90.000000 -92.875000 53.125000 1.000000 0.000000 0.000000 0.000000 1.000000 0.000000 0.000000 0.000000 1.000000 cp1x1.dat
1 15 -90.000000 -92.875000 3.125000 1.000000 0.000000 0.000000 0.000000 1.000000 0.000000 0.000000 0.000000 1.000000 cp1x1.dat
1 15 -90.000000 -67.875000 28.125000 1.000000 0.000000 0.000000 0.000000 1.000000 0.000000 0.000000 0.000000 1.000000 cp1x1.dat
0 STEP
1 15 -65.500000 -161.500000 -40.500000 0.000000 -1.000000 0.000000 1.000000 0.000000 0.000000 0.000000 0.000000 1.000000 g60.dat
0 STEP
0 NOFILE
0 FILE gripper
0 gripper
0 Name:  gripper
0 Author:  
0 CustomBrick
0 NumOfBricks:  32
1 15 -10.000000 -49.000000 0.000000 1.000000 0.000000 0.000000 0.000000 1.000000 0.000000 0.000000 0.000000 1.000000 s10x2.dat
0 STEP
1 15 -6.875000 1.000000 3.125000 0.000000 1.000000 0.000000 -1.000000 0.000000 0.000000 0.000000 0.000000 1.000000 cp2x1.dat
1 15 18.125000 1.000000 3.125000 0.000000 1.000000 0.000000 -1.000000 0.000000 0.000000 0.000000 0.000000 1.000000 cp2x1.dat
0 STEP
1 15 -68.210800 -24.000000 -75.888300 0.707108 0.000000 -0.707106 0.000000 1.000000 0.000000 0.707106 0.000000 0.707108 s5x1.dat
1 15 9.822300 -24.000000 12.500000 0.707106 0.000000 0.707107 0.000000 1.000000 0.000000 -0.707107 0.000000 0.707106 s5x1.dat
0 STEP
1 15 107.585600 -74.000000 -67.585700 0.000000 -1.000000 0.000000 1.000000 0.000000 0.000000 0.000000 0.000000 1.000000 cp2x1.dat
1 15 89.908000 -74.000000 -49.908000 0.000000 -1.000000 0.000000 1.000000 0.000000 0.000000 0.000000 0.000000 1.000000 cp2x1.dat
1 15 -58.835800 -74.000000 -67.585600 0.000000 -1.000000 0.000000 1.000000 0.000000 0.000000 0.000000 0.000000 1.000000 cp2x1.dat
1 15 -41.158000 -74.000000 -49.908000 0.000000 -1.000000 0.000000 1.000000 0.000000 0.000000 0.000000 0.000000 1.000000 cp2x1.dat
0 STEP
1 15 -124.323600 -49.000000 -90.262900 0.676872 0.000000 0.736101 0.000000 1.000000 0.000000 -0.736101 0.000000 0.676872 cb4h.dat
1 15 153.297900 -49.000000 -73.047100 -0.837715 0.000000 -0.546108 0.000000 1.000000 0.000000 0.546108 0.000000 -0.837715 cb4h.dat
0 STEP
1 15 -42.230400 -74.000000 -32.230300 0.000000 0.000000 1.000000 1.000000 0.000000 0.000000 0.000000 1.000000 0.000000 cp2x1.dat
1 15 53.480300 -74.000000 -32.230400 0.000000 0.000000 1.000000 1.000000 0.000000 0.000000 0.000000 1.000000 0.000000 cp2x1.dat
0 STEP
1 15 -21.409000 -49.000000 132.984800 -0.757005 0.000000 0.653409 0.000000 1.000000 0.000000 -0.653409 0.000000 -0.757005 a135.dat
1 15 64.149900 -49.000000 -40.485600 0.653426 0.000000 -0.756991 0.000000 1.000000 0.000000 0.756991 0.000000 0.653426 a135.dat
0 STEP
1 15 -13.328900 -74.000000 105.979700 0.000000 -1.000000 0.000000 1.000000 0.000000 0.000000 0.000000 0.000000 1.000000 cp2x1.dat
1 15 62.081700 -74.000000 105.979800 0.000000 -1.000000 0.000000 1.000000 0.000000 0.000000 0.000000 0.000000 1.000000 cp2x1.dat
0 STEP
1 15 -35.203900 -24.000000 102.854700 1.000000 0.000000 0.000000 0.000000 1.000000 0.000000 0.000000 0.000000 1.000000 s4x4.dat
0 STEP
1 16 44.796100 0.000000 172.854700 1.000000 0.000000 0.000000 0.000000 1.000000 0.000000 0.000000 0.000000 1.000000 3wall
0 STEP
1 15 -13.328900 -74.000000 130.979700 0.000000 -1.000000 0.000000 1.000000 0.000000 0.000000 0.000000 0.000000 1.000000 cp2x1.dat
1 15 -13.328900 -74.000000 180.979700 0.000000 -1.000000 0.000000 1.000000 0.000000 0.000000 0.000000 0.000000 1.000000 cp2x1.dat
0 STEP
1 15 -35.203900 -49.000000 202.854700 0.000000 0.000000 1.000000 0.000000 1.000000 0.000000 -1.000000 0.000000 0.000000 s3x1.dat
0 STEP
1 15 -35.203900 -74.000000 102.854700 1.000000 0.000000 0.000000 0.000000 1.000000 0.000000 0.000000 0.000000 1.000000 s4x4.dat
0 STEP
1 15 11.671100 -99.000000 180.979700 0.000000 -1.000000 0.000000 1.000000 0.000000 0.000000 0.000000 0.000000 1.000000 cp1x1.dat
1 15 11.671100 -99.000000 130.979700 0.000000 -1.000000 0.000000 1.000000 0.000000 0.000000 0.000000 0.000000 1.000000 cp1x1.dat
0 STEP
1 15 -68.210800 -74.000000 -75.888300 0.707108 0.000000 -0.707106 0.000000 1.000000 0.000000 0.707106 0.000000 0.707108 s5x1.dat
1 15 9.822400 -74.000000 12.500000 0.707106 0.000000 0.707107 0.000000 1.000000 0.000000 -0.707107 0.000000 0.707106 s5x1.dat
0 STEP
1 15 -6.875000 -24.000000 228.125000 0.000000 1.000000 0.000000 -1.000000 0.000000 0.000000 0.000000 0.000000 1.000000 cp1x1.dat
0 STEP
1 15 -9.999900 -74.000000 300.000100 0.000000 0.000000 1.000000 0.000000 1.000000 0.000000 -1.000000 0.000000 0.000000 s3x1.dat
0 STEP
1 15 11.875100 -99.000000 278.125100 0.000000 -1.000000 0.000000 1.000000 0.000000 0.000000 0.000000 0.000000 1.000000 cp1x1.dat
0 STEP
0 NOFILE
0 FILE 3wall
0 3wall
0 Name:  3wall
0 Author:  
0 CustomBrick
0 NumOfBricks:  3
1 15 -5.000000 -49.000000 30.000000 0.000000 0.000000 1.000000 0.000000 1.000000 0.000000 -1.000000 0.000000 0.000000 s3x1.dat
0 STEP
1 15 -1.875000 -99.000000 -23.125000 0.000000 1.000000 0.000000 1.000000 0.000000 0.000000 0.000000 0.000000 -1.000000 cp2x2.dat
1 15 -1.875000 -99.000000 26.875000 0.000000 1.000000 0.000000 1.000000 0.000000 0.000000 0.000000 0.000000 -1.000000 cp2x2.dat
0 STEP
0 NOFILE
0 FILE shooter
0 shooter
0 Name:  shooter
0 Author:  
0 CustomBrick
0 NumOfBricks:  41
1 15 10.000000 -75.000000 115.000000 0.000000 0.000000 1.000000 0.000000 1.000000 0.000000 -1.000000 0.000000 0.000000 mo.dat
0 STEP
1 15 -10.000000 -71.875010 -56.875000 1.000000 0.000000 0.000000 0.000000 1.000000 0.000000 0.000000 0.000000 1.000000 cp1x1.dat
1 15 -10.000000 -21.875000 -56.875000 1.000000 0.000000 0.000000 0.000000 1.000000 0.000000 0.000000 0.000000 1.000000 cp1x1.dat
1 15 -9.999985 -71.875010 -106.875000 1.000000 0.000000 0.000000 0.000000 1.000000 0.000000 0.000000 0.000000 1.000000 cp1x1.dat
1 15 -34.999990 -21.875000 -106.875000 1.000000 0.000000 0.000000 0.000000 1.000000 0.000000 0.000000 0.000000 1.000000 cp2x1.dat
1 15 -35.000000 -21.875000 93.125000 1.000000 0.000000 0.000000 0.000000 1.000000 0.000000 0.000000 0.000000 1.000000 cp2x1.dat
1 15 -10.000000 -71.875010 93.125000 1.000000 0.000000 0.000000 0.000000 1.000000 0.000000 0.000000 0.000000 1.000000 cp1x1.dat
0 STEP
1 15 15.000010 -75.000010 -110.000000 0.000000 -1.000000 0.000000 1.000000 0.000000 0.000000 0.000000 0.000000 1.000000 s3x1.dat
1 15 15.000010 -100.000000 90.000000 0.000000 -1.000000 0.000000 1.000000 0.000000 0.000000 0.000000 0.000000 1.000000 s4x1.dat
0 STEP
1 15 -35.000000 -46.875000 93.125000 1.000000 0.000000 0.000000 0.000000 1.000000 0.000000 0.000000 0.000000 1.000000 cp1x1.dat
1 15 -34.999990 -46.875000 -106.875000 1.000000 0.000000 0.000000 0.000000 1.000000 0.000000 0.000000 0.000000 1.000000 cp1x1.dat
0 STEP
1 15 15.000020 -200.000000 -60.000000 0.000000 -1.000000 0.000000 1.000000 0.000000 0.000000 0.000000 0.000000 1.000000 s8x1.dat
1 15 111.875000 -125.000000 18.125010 0.000000 -1.000000 0.000000 1.000000 0.000000 0.000000 0.000000 0.000000 1.000000 cp2x1.dat
1 15 36.875020 -125.000000 18.125000 0.000000 -1.000000 0.000000 1.000000 0.000000 0.000000 0.000000 0.000000 1.000000 cp2x1.dat
0 STEP
1 15 -10.000010 -100.000000 64.999990 0.000000 0.000000 1.000000 0.000000 1.000000 0.000000 -1.000000 0.000000 0.000000 s6x2.dat
1 15 -10.000020 -125.000000 64.999980 0.000000 0.000000 1.000000 0.000000 1.000000 0.000000 -1.000000 0.000000 0.000000 s6x2.dat
0 STEP
1 15 86.875020 -150.000000 18.125010 0.000000 -1.000000 0.000000 1.000000 0.000000 0.000000 0.000000 0.000000 1.000000 cp1x1.dat
1 15 61.875000 -150.000000 18.125000 0.000000 -1.000000 0.000000 1.000000 0.000000 0.000000 0.000000 0.000000 1.000000 cp1x1.dat
0 STEP
1 15 40.000000 -150.000000 15.000000 1.000000 0.000000 0.000000 0.000000 1.000000 0.000000 0.000000 0.000000 1.000000 s2x1.dat
0 STEP
1 15 -9.999985 -196.875000 -56.875000 1.000000 0.000000 0.000000 0.000000 1.000000 0.000000 0.000000 0.000000 1.000000 cp1x1.dat
0 STEP
1 15 15.000000 -201.238000 -58.625000 0.000000 1.000000 0.000000 0.104518 0.000000 0.994521 0.994521 0.000000 -0.104518 s16x1.dat
0 STEP
1 15 -11.789990 -92.187510 97.812500 1.000000 0.000000 0.000000 0.000000 1.000000 0.000000 0.000000 0.000000 1.000000 axp6s.dat
0 STEP
1 15 13.210010 -75.000010 115.000000 0.000000 1.000000 0.000000 0.000000 0.000000 -1.000000 -1.000000 0.000000 0.000000 s1x1.dat
0 STEP
1 16 56.017000 -74.325280 72.219800 1.000000 0.000000 0.000000 0.000000 0.999740 -0.022689 0.000000 0.022689 0.999740 shooter_130angle
0 STEP
1 15 90.110030 -75.000280 114.999900 0.000000 1.000000 0.000000 0.000000 0.000000 -1.000000 -1.000000 0.000000 0.000000 s1x1.dat
0 STEP
1 15 89.999990 -21.874990 93.125010 1.000000 0.000000 0.000000 0.000000 1.000000 0.000000 0.000000 0.000000 1.000000 cp1x1.dat
1 15 89.999990 -71.874990 93.125010 1.000000 0.000000 0.000000 0.000000 1.000000 0.000000 0.000000 0.000000 1.000000 cp1x1.dat
1 15 90.000010 -71.874990 -56.874990 1.000000 0.000000 0.000000 0.000000 1.000000 0.000000 0.000000 0.000000 1.000000 cp1x1.dat
1 15 90.000010 -21.874990 -56.874990 1.000000 0.000000 0.000000 0.000000 1.000000 0.000000 0.000000 0.000000 1.000000 cp1x1.dat
0 STEP
1 15 114.420100 -0.000284 89.999930 0.000000 1.000000 0.000000 -1.000000 0.000000 0.000000 0.000000 0.000000 1.000000 s4x1.dat
0 STEP
1 15 89.999970 -201.238100 -58.625060 0.000000 1.000000 0.000000 0.104518 0.000000 0.994523 0.994523 0.000000 -0.104518 s16x1.dat
0 STEP
1 15 89.999980 -196.875100 -56.875000 1.000000 0.000000 0.000000 0.000000 1.000000 0.000000 0.000000 0.000000 1.000000 cp1x1.dat
0 STEP
1 15 115.000000 -0.000076 -59.999990 0.000000 1.000000 0.000000 -1.000000 0.000000 0.000000 0.000000 0.000000 1.000000 s8x1.dat
0 STEP
1 15 89.999980 -160.293800 291.208100 1.000000 0.000000 0.000000 0.000000 1.000000 0.000000 0.000000 0.000000 1.000000 cp1x1.dat
1 15 -10.000090 -160.293800 291.207400 1.000000 0.000000 0.000000 0.000000 1.000000 0.000000 0.000000 0.000000 1.000000 cp1x1.dat
0 STEP
1 15 115.000000 -194.946100 346.671000 0.000000 1.000000 0.000000 0.819152 0.000000 -0.573576 -0.573576 0.000000 -0.819153 s3x1.dat
0 STEP
1 15 -10.000030 -180.772600 305.547500 1.000000 0.000000 0.000000 0.000000 1.000000 0.000000 0.000000 0.000000 1.000000 rb4.dat
1 15 -10.000030 -201.251400 319.886900 1.000000 0.000000 0.000000 0.000000 1.000000 0.000000 0.000000 0.000000 1.000000 rb4.dat
0 STEP
1 15 -10.000020 -194.946100 346.671000 0.000000 1.000000 0.000000 0.819152 0.000000 -0.573576 -0.573576 0.000000 -0.819152 s3x1.dat
0 STEP
0 NOFILE
0 FILE shooter_130angle
0 shooter_130angle
0 Name:  shooter_130angle
0 Author:  
0 CustomBrick
0 NumOfBricks:  3
1 15 33.983000 0.982994 42.966000 0.000000 -1.000000 0.000000 -1.000000 0.000000 0.000000 0.000000 0.000000 -1.000000 a135.dat
1 15 -41.017030 -118.884500 -76.901500 1.000000 0.000000 0.000000 0.000000 1.000000 0.000000 0.000000 0.000000 1.000000 cp2x2.dat
0 STEP
1 15 8.983002 0.983032 42.966030 0.000000 -1.000000 0.000000 -1.000000 0.000000 0.000000 0.000000 0.000000 -1.000000 a135.dat
0 STEP
0 NOFILE
