0 FILE Carby_v1
0 Untitled Model
0 Name:  Carby_v1
0 Author:  
0 CustomBrick
0 NumOfBricks:  166
1 15 -50.000000 -100.000000 -80.000000 1.000000 0.000000 0.000000 0.000000 1.000000 0.000000 0.000000 0.000000 1.000000 br.dat
0 STEP
1 15 143.200000 -46.874990 245.000000 0.000000 0.000000 1.000000 0.000000 1.000000 0.000000 -1.000000 0.000000 0.000000 cp1x1.dat
1 15 -31.800020 -46.874990 245.000000 0.000000 0.000000 1.000000 0.000000 1.000000 0.000000 -1.000000 0.000000 0.000000 cp1x1.dat
1 15 -31.800020 -71.875000 245.000000 0.000000 0.000000 1.000000 0.000000 1.000000 0.000000 -1.000000 0.000000 0.000000 cp1x1.dat
1 15 143.200000 -71.875000 245.000000 0.000000 0.000000 1.000000 0.000000 1.000000 0.000000 -1.000000 0.000000 0.000000 cp1x1.dat
0 STEP
1 16 45.075010 -0.499992 325.000100 1.000000 0.000000 0.000000 0.000000 1.000000 0.000000 0.000000 0.000000 1.000000 battery
0 STEP
1 15 -13.050020 -25.000000 348.125100 0.000000 -1.000000 0.000000 1.000000 0.000000 0.000000 0.000000 0.000000 1.000000 cp1x1.dat
1 15 -13.050000 -24.999990 148.125000 0.000000 -1.000000 0.000000 1.000000 0.000000 0.000000 0.000000 0.000000 1.000000 cp1x1.dat
1 15 161.950000 -25.000000 348.125100 0.000000 -1.000000 0.000000 1.000000 0.000000 0.000000 0.000000 0.000000 1.000000 cp1x1.dat
1 15 61.949970 -25.000000 348.125100 0.000000 -1.000000 0.000000 1.000000 0.000000 0.000000 0.000000 0.000000 1.000000 cp1x1.dat
1 15 86.949980 -25.000000 348.125100 0.000000 -1.000000 0.000000 1.000000 0.000000 0.000000 0.000000 0.000000 1.000000 cp1x1.dat
1 15 161.950000 -24.999990 148.125000 0.000000 -1.000000 0.000000 1.000000 0.000000 0.000000 0.000000 0.000000 1.000000 cp1x1.dat
1 15 86.950000 -24.999990 148.125000 0.000000 -1.000000 0.000000 1.000000 0.000000 0.000000 0.000000 0.000000 1.000000 cp1x1.dat
1 15 61.950010 -24.999990 148.125000 0.000000 -1.000000 0.000000 1.000000 0.000000 0.000000 0.000000 0.000000 1.000000 cp1x1.dat
0 STEP
1 16 50.074970 75.000000 300.000000 1.000000 0.000000 0.000000 0.000000 1.000000 0.000000 0.000000 0.000000 1.000000 motor group
0 STEP
1 15 115.075000 50.000010 70.000020 0.000000 1.000000 0.000000 -1.000000 0.000000 0.000000 0.000000 0.000000 1.000000 ct2x2.dat
1 15 -9.924984 50.000010 70.000020 0.000000 1.000000 0.000000 -1.000000 0.000000 0.000000 0.000000 0.000000 1.000000 ct2x2.dat
1 15 15.074970 50.000010 45.000000 0.000000 -1.000000 0.000000 -1.000000 0.000000 0.000000 0.000000 0.000000 -1.000000 ct2x2.dat
1 15 140.075000 50.000010 45.000000 0.000000 -1.000000 0.000000 -1.000000 0.000000 0.000000 0.000000 0.000000 -1.000000 ct2x2.dat
0 STEP
1 15 -109.924900 28.125000 98.125020 1.000000 0.000000 0.000000 0.000000 1.000000 0.000000 0.000000 0.000000 1.000000 axp4p.dat
1 15 -109.925000 28.125010 -1.875002 1.000000 0.000000 0.000000 0.000000 1.000000 0.000000 0.000000 0.000000 1.000000 axp4p.dat
1 15 -34.924990 3.125000 123.125000 1.000000 0.000000 0.000000 0.000000 1.000000 0.000000 0.000000 0.000000 1.000000 cp1x1.dat
1 15 -34.924990 3.125000 98.125020 1.000000 0.000000 0.000000 0.000000 1.000000 0.000000 0.000000 0.000000 1.000000 cp1x1.dat
1 15 -34.925020 3.125006 -1.875002 1.000000 0.000000 0.000000 0.000000 1.000000 0.000000 0.000000 0.000000 1.000000 cp1x1.dat
1 15 -34.925020 3.125007 -26.875010 1.000000 0.000000 0.000000 0.000000 1.000000 0.000000 0.000000 0.000000 1.000000 cp1x1.dat
0 STEP
1 15 240.075000 28.125010 116.875000 -1.000000 0.000000 0.000000 0.000000 1.000000 0.000000 0.000000 0.000000 -1.000000 axp4p.dat
1 15 240.075000 28.125010 16.875010 -1.000000 0.000000 0.000000 0.000000 1.000000 0.000000 0.000000 0.000000 -1.000000 axp4p.dat
1 15 115.075000 3.125005 -1.875006 1.000000 0.000000 0.000000 0.000000 1.000000 0.000000 0.000000 0.000000 1.000000 cp1x1.dat
1 15 115.075000 3.125004 123.125000 1.000000 0.000000 0.000000 0.000000 1.000000 0.000000 0.000000 0.000000 1.000000 cp1x1.dat
1 15 115.075000 3.125004 98.125020 1.000000 0.000000 0.000000 0.000000 1.000000 0.000000 0.000000 0.000000 1.000000 cp1x1.dat
1 15 115.075100 3.125005 -26.875010 1.000000 0.000000 0.000000 0.000000 1.000000 0.000000 0.000000 0.000000 1.000000 cp1x1.dat
0 STEP
1 15 165.075000 0.000089 -105.000000 0.000000 -1.000000 0.000000 1.000000 0.000000 0.000000 0.000000 0.000000 1.000000 s10x2.dat
1 15 -9.925020 0.000012 -105.000000 0.000000 -1.000000 0.000000 1.000000 0.000000 0.000000 0.000000 0.000000 1.000000 s10x2.dat
0 STEP
1 15 140.075000 -71.874980 273.125100 1.000000 0.000000 0.000000 0.000000 1.000000 0.000000 0.000000 0.000000 1.000000 cp1x1.dat
1 15 140.075000 -46.874980 273.125100 1.000000 0.000000 0.000000 0.000000 1.000000 0.000000 0.000000 0.000000 1.000000 cp1x1.dat
1 15 215.075000 28.125040 291.875100 -1.000000 0.000000 0.000000 0.000000 1.000000 0.000000 0.000000 0.000000 -1.000000 cp2x1.dat
1 15 215.075000 28.125090 -58.125000 -1.000000 0.000000 0.000000 0.000000 1.000000 0.000000 0.000000 0.000000 -1.000000 cp2x1.dat
1 15 215.075000 3.125084 -58.125010 -1.000000 0.000000 0.000000 0.000000 1.000000 0.000000 0.000000 0.000000 -1.000000 cp2x1.dat
1 15 215.075000 3.125084 -83.125010 -1.000000 0.000000 0.000000 0.000000 1.000000 0.000000 0.000000 0.000000 -1.000000 cp2x1.dat
0 STEP
1 15 165.075000 50.000040 270.000100 0.000000 1.000000 0.000000 -1.000000 0.000000 0.000000 0.000000 0.000000 1.000000 s5x1.dat
1 15 165.075100 50.000100 -80.000020 0.000000 1.000000 0.000000 -1.000000 0.000000 0.000000 0.000000 0.000000 1.000000 s2x1.dat
1 15 190.075000 25.000090 -105.000000 0.000000 -1.000000 0.000000 0.000000 0.000000 -1.000000 1.000000 0.000000 0.000000 cc1x1.dat
0 STEP
1 15 165.075000 3.125033 273.125100 1.000000 0.000000 0.000000 0.000000 1.000000 0.000000 0.000000 0.000000 1.000000 cp1x1.dat
0 STEP
1 15 140.075000 53.125080 198.125100 1.000000 0.000000 0.000000 0.000000 1.000000 0.000000 0.000000 0.000000 1.000000 cp1x1.dat
1 15 140.075000 28.125080 223.125100 1.000000 0.000000 0.000000 0.000000 1.000000 0.000000 0.000000 0.000000 1.000000 cp1x1.dat
1 15 140.075000 3.125072 198.125100 1.000000 0.000000 0.000000 0.000000 1.000000 0.000000 0.000000 0.000000 1.000000 cp1x1.dat
1 15 140.075000 28.125070 173.125100 1.000000 0.000000 0.000000 0.000000 1.000000 0.000000 0.000000 0.000000 1.000000 cp1x1.dat
0 STEP
1 16 165.075000 90.500080 184.500100 1.000000 0.000000 0.000000 0.000000 1.000000 0.000000 0.000000 0.000000 1.000000 gear_axle
0 STEP
1 15 165.074900 37.500170 32.546730 0.000000 1.000000 0.000001 -0.707108 -0.000001 0.707105 0.707105 -0.000001 0.707108 g40.dat
1 15 165.074900 37.500170 -67.453290 0.000000 1.000000 0.000001 -0.707108 -0.000001 0.707106 0.707105 -0.000001 0.707108 g40.dat
0 STEP
1 15 190.075100 50.000090 -305.000000 0.000000 1.000000 0.000000 -1.000000 0.000000 0.000000 0.000000 0.000000 1.000000 s24x2.dat
0 STEP
1 15 -84.925000 28.125000 273.125100 1.000000 0.000000 0.000000 0.000000 1.000000 0.000000 0.000000 0.000000 1.000000 cp2x1.dat
1 15 -59.925020 -46.875020 273.125100 1.000000 0.000000 0.000000 0.000000 1.000000 0.000000 0.000000 0.000000 1.000000 cp1x1.dat
1 15 -59.925020 -71.875020 273.125100 1.000000 0.000000 0.000000 0.000000 1.000000 0.000000 0.000000 0.000000 1.000000 cp1x1.dat
1 15 -84.925030 3.125010 -76.875020 1.000000 0.000000 0.000000 0.000000 1.000000 0.000000 0.000000 0.000000 1.000000 cp2x1.dat
1 15 -84.925030 28.125020 -76.875020 1.000000 0.000000 0.000000 0.000000 1.000000 0.000000 0.000000 0.000000 1.000000 cp2x1.dat
0 STEP
1 15 -34.924990 -75.000030 270.000100 0.000000 -1.000000 0.000000 1.000000 0.000000 0.000000 0.000000 0.000000 1.000000 s5x1.dat
1 15 -34.925030 0.000011 -80.000020 0.000000 -1.000000 0.000000 1.000000 0.000000 0.000000 0.000000 0.000000 1.000000 s2x1.dat
0 STEP
1 15 -84.925000 3.124979 273.125100 1.000000 0.000000 0.000000 0.000000 1.000000 0.000000 0.000000 0.000000 1.000000 cp1x1.dat
0 STEP
1 15 -59.924980 3.124991 198.125100 1.000000 0.000000 0.000000 0.000000 1.000000 0.000000 0.000000 0.000000 1.000000 cp1x1.dat
1 15 -59.924990 28.125000 223.125000 1.000000 0.000000 0.000000 0.000000 1.000000 0.000000 0.000000 0.000000 1.000000 cp1x1.dat
1 15 -59.924970 28.125000 173.125100 1.000000 0.000000 0.000000 0.000000 1.000000 0.000000 0.000000 0.000000 1.000000 cp1x1.dat
1 15 -59.924980 53.125000 198.125100 1.000000 0.000000 0.000000 0.000000 1.000000 0.000000 0.000000 0.000000 1.000000 cp1x1.dat
0 STEP
1 16 -30.468510 86.043520 184.500100 1.000000 0.000000 0.000000 0.000000 1.000000 0.000000 0.000000 0.000000 1.000000 gear_axle_2
0 STEP
1 15 -34.925030 37.499920 -67.453350 0.000000 -1.000000 0.000001 0.707108 -0.000001 -0.707106 0.707106 0.000001 0.707108 g40.dat
1 15 -34.925010 37.499880 32.546680 0.000000 -1.000000 0.000001 0.707108 -0.000001 -0.707106 0.707105 0.000001 0.707108 g40.dat
0 STEP
1 15 -59.924930 50.000000 295.000100 0.000000 -1.000000 0.000000 -1.000000 0.000000 0.000000 0.000000 0.000000 -1.000000 s24x2.dat
0 STEP
1 15 265.105000 -41.549740 127.950500 0.000000 0.000000 -1.000000 0.000000 1.000000 0.000000 1.000000 0.000000 0.000000 wh.dat
1 15 263.824900 -74.647140 7.146196 0.000001 0.000000 -1.000000 0.707105 0.707108 0.000001 0.707108 -0.707105 0.000001 wh.dat
1 15 -135.065000 -41.549830 287.049700 0.000000 0.000000 1.000000 0.000000 1.000000 0.000000 -1.000000 0.000000 0.000000 wh.dat
1 15 -134.724900 -74.647140 7.853814 -0.000001 0.000000 1.000000 0.707105 0.707108 0.000001 -0.707108 0.707105 -0.000001 wh.dat
0 STEP
1 15 190.075100 0.000078 -305.000000 1.000000 0.000000 0.000000 0.000000 1.000000 0.000000 0.000000 0.000000 1.000000 cc2x2.dat
1 15 190.075100 0.000078 -155.000000 1.000000 0.000000 0.000000 0.000000 1.000000 0.000000 0.000000 0.000000 1.000000 cc2x2.dat
1 15 165.075100 3.125075 -226.875000 1.000000 0.000000 0.000000 0.000000 1.000000 0.000000 0.000000 0.000000 1.000000 cp1x1.dat
0 STEP
1 15 165.075100 25.000080 -205.000000 0.000000 1.000000 0.000000 0.000000 0.000000 -1.000000 -1.000000 0.000000 0.000000 cc1x1.dat
1 15 261.950100 25.000070 -283.125000 0.000000 -1.000000 0.000000 -1.000000 0.000000 0.000000 0.000000 0.000000 -1.000000 cp1x1.dat
0 STEP
1 15 -84.924970 3.125028 -301.875100 1.000000 0.000000 0.000000 0.000000 1.000000 0.000000 0.000000 0.000000 1.000000 cp1x1.dat
1 15 -84.924960 28.125030 -301.875100 1.000000 0.000000 0.000000 0.000000 1.000000 0.000000 0.000000 0.000000 1.000000 cp1x1.dat
1 15 -84.924960 3.125017 -126.875000 1.000000 0.000000 0.000000 0.000000 1.000000 0.000000 0.000000 0.000000 1.000000 cp1x1.dat
1 15 -84.924960 28.125020 -126.875000 1.000000 0.000000 0.000000 0.000000 1.000000 0.000000 0.000000 0.000000 1.000000 cp1x1.dat
0 STEP
1 16 -9.925110 -153.983900 -277.247800 1.000000 0.000000 0.000000 0.000000 -0.342026 0.939691 0.000000 -0.939691 -0.342026 claw_base
0 STEP
1 16 25.278780 -380.523400 -262.908700 1.000000 0.000000 0.000000 0.000000 -0.342023 0.939692 0.000000 -0.939692 -0.342023 gripper
0 STEP
0 NOFILE
0 FILE battery
0 battery
0 Name:  battery
0 Author:  
0 CustomBrick
0 NumOfBricks:  9
1 15 20.000000 -0.000008 -30.000000 1.000000 0.000000 0.000000 0.000000 1.000000 0.000000 0.000000 0.000000 1.000000 ba_bottom.dat
0 STEP
1 16 20.000000 -12.000000 -40.000000 1.000000 0.000000 0.000000 0.000000 1.000000 0.000000 0.000000 0.000000 1.000000 battery_tray
0 STEP
1 15 20.000310 -74.573860 -39.499950 1.000000 0.000000 0.000000 0.000000 1.000000 0.000000 0.000000 0.000000 1.000000 ba_top.dat
0 STEP
0 NOFILE
0 FILE battery_tray
0 battery_tray
0 Name:  battery_tray
0 Author:  
0 CustomBrick
0 NumOfBricks:  7
1 15 0.000000 0.000000 0.125000 1.000000 0.000000 0.000000 0.000000 1.000000 0.000000 0.000000 0.000000 1.000000 ba_tray.dat
1 15 -2.500000 -33.000000 -39.000000 1.000000 0.000000 0.000000 0.000000 1.000000 0.000000 0.000000 0.000000 1.000000 ba_battery.dat
1 15 -2.499989 -33.000000 39.000000 1.000000 0.000000 0.000000 0.000000 1.000000 0.000000 0.000000 0.000000 1.000000 ba_battery.dat
1 15 -2.499981 2.499996 0.500000 1.000000 0.000000 0.000000 0.000000 1.000000 0.000000 0.000000 0.000000 1.000000 ba_battery.dat
1 15 2.499987 2.499969 38.500010 -1.000000 0.000000 0.000000 0.000000 1.000000 0.000000 0.000000 0.000000 -1.000000 ba_battery.dat
1 15 2.499987 -33.000030 -0.000027 -1.000000 0.000000 0.000000 0.000000 1.000000 0.000000 0.000000 0.000000 -1.000000 ba_battery.dat
1 15 2.499969 2.499969 -39.500000 -1.000000 0.000000 0.000000 0.000000 1.000000 0.000000 0.000000 0.000000 -1.000000 ba_battery.dat
0 NOFILE
0 FILE Motor group
0 Motor group
0 Name:  Motor group
0 Author:  
0 CustomBrick
0 NumOfBricks:  6
1 15 120.000000 0.000090 70.000030 0.000000 0.000000 -1.000000 0.000000 -1.000000 0.000000 -1.000000 0.000000 0.000000 mo.dat
0 STEP
1 15 -10.000000 -21.874990 48.125030 1.000000 0.000000 0.000000 0.000000 1.000000 0.000000 0.000000 0.000000 1.000000 cp1x1.dat
1 15 -10.000000 -71.874990 23.125030 1.000000 0.000000 0.000000 0.000000 1.000000 0.000000 0.000000 0.000000 1.000000 cp1x1.dat
1 15 -9.999969 -21.874990 -51.874970 1.000000 0.000000 0.000000 0.000000 1.000000 0.000000 0.000000 0.000000 1.000000 cp1x1.dat
1 15 -9.999939 -21.874990 -151.875000 1.000000 0.000000 0.000000 0.000000 1.000000 0.000000 0.000000 0.000000 1.000000 cp1x1.dat
0 STEP
1 15 -90.000000 -75.000000 70.000000 0.000000 0.000000 1.000000 0.000000 1.000000 0.000000 -1.000000 0.000000 0.000000 mo.dat
0 STEP
0 NOFILE
0 FILE Gear_axle
0 Gear_axle
0 Name:  Gear_axle
0 Author:  
0 CustomBrick
0 NumOfBricks:  2
1 15 0.000000 0.000000 -30.000000 0.000000 1.000000 0.000000 -1.000000 0.000000 0.000000 0.000000 0.000000 1.000000 g40.dat
0 STEP
1 15 -1.874969 -66.258340 22.999770 1.000000 0.000003 -0.000008 0.000003 0.707109 0.707105 0.000008 -0.707105 0.707109 axp3c.dat
0 STEP
0 NOFILE
0 FILE Gear_axle_2
0 Gear_axle_2
0 Name:  Gear_axle_2
0 Author:  
0 CustomBrick
0 NumOfBricks:  2
1 15 -4.456482 -101.543500 -30.000000 0.000000 -1.000000 0.000000 1.000000 0.000000 0.000000 0.000000 0.000000 1.000000 g40.dat
0 STEP
1 15 -2.581512 -61.801860 23.000230 -1.000000 -0.000003 0.000008 0.000003 0.707109 0.707105 -0.000008 0.707105 -0.707109 axp3c.dat
0 STEP
0 NOFILE
0 FILE claw_base
0 claw_base
0 Name:  claw_base
0 Author:  
0 CustomBrick
0 NumOfBricks:  39
1 15 280.000000 -0.935921 83.710600 0.000001 0.000000 -1.000000 -0.939694 -0.342017 0.000000 -0.342018 0.939694 0.000000 mo.dat
0 STEP
1 15 150.000100 -185.168700 78.341330 1.000000 0.000000 0.000000 0.000000 0.996195 0.087157 0.000000 -0.087157 0.996195 cp1x1.dat
1 15 150.000100 -200.110500 46.298560 1.000000 0.000000 0.000000 0.000000 0.996195 0.087157 0.000000 -0.087157 0.996195 cp1x1.dat
1 15 150.000100 -153.125900 63.399440 1.000000 0.000000 0.000000 0.000000 0.996195 0.087157 0.000000 -0.087157 0.996195 cp1x1.dat
1 15 150.000100 -168.067800 31.356650 1.000000 0.000000 0.000000 0.000000 0.996195 0.087157 0.000000 -0.087157 0.996195 cp1x1.dat
0 STEP
1 15 175.000100 -214.526000 85.784030 0.000000 -1.000000 0.000000 0.342019 0.000000 0.939693 -0.939693 0.000000 0.342019 axb3.dat
0 STEP
1 16 64.999980 11.007500 60.072960 1.000000 0.000000 0.000000 0.000000 1.000000 0.000000 0.000000 0.000000 1.000000 gripper_base
0 STEP
1 15 -51.340060 -172.691300 61.104160 1.000000 -0.000001 -0.000001 0.000001 0.906308 0.422617 0.000000 -0.422617 0.906308 axp12s.dat
0 STEP
1 15 125.460400 -149.726900 99.259340 -0.000008 1.000000 -0.000002 0.342019 0.000001 -0.939693 -0.939693 -0.000008 -0.342019 g20.dat
0 STEP
1 15 125.120100 -178.961900 50.871350 0.000000 -1.000000 0.000000 1.000000 0.000000 0.000000 0.000000 0.000000 1.000000 s1x1.dat
1 15 100.430100 -178.961600 50.871280 0.000000 -1.000000 0.000000 1.000000 0.000000 0.000000 0.000000 0.000000 1.000000 s1x1.dat
1 15 75.730090 -178.961700 50.871280 0.000000 -1.000000 0.000000 1.000000 0.000000 0.000000 0.000000 0.000000 1.000000 s1x1.dat
1 15 50.890090 -178.961700 50.871260 0.000000 -1.000000 0.000000 1.000000 0.000000 0.000000 0.000000 0.000000 1.000000 s1x1.dat
1 15 25.840110 -178.961700 50.871220 0.000000 -1.000000 0.000000 1.000000 0.000000 0.000000 0.000000 0.000000 1.000000 s1x1.dat
0 STEP
1 15 -25.399620 -149.726900 99.259190 -0.000008 1.000000 -0.000002 0.342019 0.000001 -0.939693 -0.939693 -0.000008 -0.342019 g20.dat
0 STEP
1 15 -1.340036 -85.750710 97.573010 -1.000000 -0.000001 0.000001 0.000001 0.707108 0.707105 -0.000001 0.707105 -0.707108 axp2p.dat
0 STEP
1 15 -26.340070 -9.486359 107.202600 0.000000 -1.000000 0.000000 -0.342014 0.000000 -0.939695 0.939695 0.000000 -0.342014 s8x4.dat
0 STEP
0 NOFILE
0 FILE gripper_base
0 gripper_base
0 Name:  gripper_base
0 Author:  
0 CustomBrick
0 NumOfBricks:  23
1 15 -40.000000 -126.000000 -149.999900 0.000000 1.000000 0.000000 0.000000 0.000000 1.000000 1.000000 0.000000 0.000000 mo.dat
0 STEP
1 15 10.000000 -117.875000 -71.875000 1.000000 0.000000 0.000000 0.000000 1.000000 0.000000 0.000000 0.000000 1.000000 cp1x1.dat
1 15 10.000000 -117.874900 53.124940 1.000000 0.000000 0.000000 0.000000 1.000000 0.000000 0.000000 0.000000 1.000000 cp1x1.dat
1 15 10.000010 -42.875010 -71.875020 1.000000 0.000000 0.000000 0.000000 1.000000 0.000000 0.000000 0.000000 1.000000 cp1x1.dat
1 15 10.000030 -42.874970 53.124920 1.000000 0.000000 0.000000 0.000000 1.000000 0.000000 0.000000 0.000000 1.000000 cp1x1.dat
1 15 -65.000000 -117.875000 -71.875000 1.000000 0.000000 0.000000 0.000000 1.000000 0.000000 0.000000 0.000000 1.000000 cp1x1.dat
1 15 -64.999980 -117.874900 53.124950 1.000000 0.000000 0.000000 0.000000 1.000000 0.000000 0.000000 0.000000 1.000000 cp1x1.dat
1 15 -64.999970 -42.874970 53.124930 1.000000 0.000000 0.000000 0.000000 1.000000 0.000000 0.000000 0.000000 1.000000 cp1x1.dat
1 15 -64.999990 -42.875010 -71.875020 1.000000 0.000000 0.000000 0.000000 1.000000 0.000000 0.000000 0.000000 1.000000 cp1x1.dat
0 STEP
1 15 35.000010 -20.999960 -100.000000 0.000000 1.000000 0.000000 -1.000000 0.000000 0.000000 0.000000 0.000000 1.000000 s8x4.dat
1 15 -64.999980 -20.999970 -100.000000 0.000000 1.000000 0.000000 -1.000000 0.000000 0.000000 0.000000 0.000000 1.000000 s8x4.dat
0 STEP
1 15 110.000000 -117.875000 46.875020 -1.000000 0.000000 0.000000 0.000000 1.000000 0.000000 0.000000 0.000000 -1.000000 cp2x1.dat
1 15 110.000000 -92.874970 21.875020 -1.000000 0.000000 0.000000 0.000000 1.000000 0.000000 0.000000 0.000000 -1.000000 cp2x1.dat
1 15 110.000000 -67.874970 46.875020 -1.000000 0.000000 0.000000 0.000000 1.000000 0.000000 0.000000 0.000000 -1.000000 cp2x1.dat
1 15 110.000000 -92.874970 71.875050 -1.000000 0.000000 0.000000 0.000000 1.000000 0.000000 0.000000 0.000000 -1.000000 cp2x1.dat
0 STEP
1 15 60.500020 -5.499962 -40.499980 0.000000 1.000000 0.000000 -1.000000 0.000000 0.000000 0.000000 0.000000 1.000000 g60.dat
0 STEP
1 15 110.000000 -121.000000 75.000030 0.000000 -1.000000 0.000000 0.000000 0.000000 1.000000 -1.000000 0.000000 0.000000 axb3.dat
0 STEP
1 15 85.000020 -96.758220 37.500000 1.000000 -0.000001 0.000000 0.000001 0.707108 0.707105 0.000000 -0.707105 0.707108 axp2p.dat
0 STEP
1 15 -90.000000 -117.875000 28.125020 1.000000 0.000000 0.000000 0.000000 1.000000 0.000000 0.000000 0.000000 1.000000 cp1x1.dat
1 15 -90.000000 -92.874980 53.125030 1.000000 0.000000 0.000000 0.000000 1.000000 0.000000 0.000000 0.000000 1.000000 cp1x1.dat
1 15 -90.000000 -92.874980 3.125015 1.000000 0.000000 0.000000 0.000000 1.000000 0.000000 0.000000 0.000000 1.000000 cp1x1.dat
1 15 -89.999990 -67.874970 28.125020 1.000000 0.000000 0.000000 0.000000 1.000000 0.000000 0.000000 0.000000 1.000000 cp1x1.dat
0 STEP
1 15 -65.500000 -161.500000 -40.499980 0.000000 -1.000000 0.000000 1.000000 0.000000 0.000000 0.000000 0.000000 1.000000 g60.dat
0 STEP
0 NOFILE
0 FILE gripper
0 gripper
0 Name:  gripper
0 Author:  
0 CustomBrick
0 NumOfBricks:  32
1 15 -10.000000 -49.000000 0.000000 1.000000 0.000000 0.000000 0.000000 1.000000 0.000000 0.000000 0.000000 1.000000 s10x2.dat
0 STEP
1 15 -6.874996 1.000000 3.125000 0.000000 1.000000 0.000000 -1.000000 0.000000 0.000000 0.000000 0.000000 1.000000 cp2x1.dat
1 15 18.125000 1.000006 3.125000 0.000000 1.000000 0.000000 -1.000000 0.000000 0.000000 0.000000 0.000000 1.000000 cp2x1.dat
0 STEP
1 15 -68.210780 -24.000000 -75.888280 0.707108 0.000000 -0.707106 0.000000 1.000000 0.000000 0.707106 0.000000 0.707108 s5x1.dat
1 15 9.822333 -23.999990 12.500020 0.707106 0.000000 0.707107 0.000000 1.000000 0.000000 -0.707107 0.000000 0.707106 s5x1.dat
0 STEP
1 15 107.585600 -74.000020 -67.585730 0.000000 -1.000000 0.000000 1.000000 0.000000 0.000000 0.000000 0.000000 1.000000 cp2x1.dat
1 15 89.907970 -73.999990 -49.908040 0.000000 -1.000000 0.000000 1.000000 0.000000 0.000000 0.000000 0.000000 1.000000 cp2x1.dat
1 15 -58.835750 -74.000000 -67.585610 0.000000 -1.000000 0.000000 1.000000 0.000000 0.000000 0.000000 0.000000 1.000000 cp2x1.dat
1 15 -41.158050 -74.000000 -49.907960 0.000000 -1.000000 0.000000 1.000000 0.000000 0.000000 0.000000 0.000000 1.000000 cp2x1.dat
0 STEP
1 15 -124.323600 -48.999990 -90.262900 0.676872 0.000000 0.736101 0.000000 1.000000 0.000000 -0.736101 0.000000 0.676872 cb4h.dat
1 15 153.297900 -48.999980 -73.047130 -0.837715 0.000000 -0.546108 0.000000 1.000000 0.000000 0.546108 0.000000 -0.837715 cb4h.dat
0 STEP
1 15 -42.230360 -74.000020 -32.230320 0.000000 0.000000 1.000000 1.000000 0.000000 0.000000 0.000000 1.000000 0.000000 cp2x1.dat
1 15 53.480320 -74.000000 -32.230380 0.000000 0.000000 1.000000 1.000000 0.000000 0.000000 0.000000 1.000000 0.000000 cp2x1.dat
0 STEP
1 15 -21.408970 -49.000000 132.984800 -0.757005 0.000000 0.653409 0.000000 1.000000 0.000000 -0.653409 0.000000 -0.757005 a135.dat
1 15 64.149870 -48.999990 -40.485580 0.653426 0.000000 -0.756991 0.000000 1.000000 0.000000 0.756991 0.000000 0.653426 a135.dat
0 STEP
1 15 -13.328900 -74.000000 105.979700 0.000000 -1.000000 0.000000 1.000000 0.000000 0.000000 0.000000 0.000000 1.000000 cp2x1.dat
1 15 62.081720 -74.000000 105.979800 0.000000 -1.000000 0.000000 1.000000 0.000000 0.000000 0.000000 0.000000 1.000000 cp2x1.dat
0 STEP
1 15 -35.203910 -23.999980 102.854700 1.000000 0.000000 0.000000 0.000000 1.000000 0.000000 0.000000 0.000000 1.000000 s4x4.dat
0 STEP
1 16 44.796070 0.000023 172.854700 1.000000 0.000000 0.000000 0.000000 1.000000 0.000000 0.000000 0.000000 1.000000 3wall
0 STEP
1 15 -13.328900 -74.000000 130.979700 0.000000 -1.000000 0.000000 1.000000 0.000000 0.000000 0.000000 0.000000 1.000000 cp2x1.dat
1 15 -13.328910 -73.999980 180.979700 0.000000 -1.000000 0.000000 1.000000 0.000000 0.000000 0.000000 0.000000 1.000000 cp2x1.dat
0 STEP
1 15 -35.203910 -48.999980 202.854700 0.000000 0.000000 1.000000 0.000000 1.000000 0.000000 -1.000000 0.000000 0.000000 s3x1.dat
0 STEP
1 15 -35.203910 -74.000000 102.854700 1.000000 0.000000 0.000000 0.000000 1.000000 0.000000 0.000000 0.000000 1.000000 s4x4.dat
0 STEP
1 15 11.671100 -99.000010 180.979700 0.000000 -1.000000 0.000000 1.000000 0.000000 0.000000 0.000000 0.000000 1.000000 cp1x1.dat
1 15 11.671100 -99.000010 130.979700 0.000000 -1.000000 0.000000 1.000000 0.000000 0.000000 0.000000 0.000000 1.000000 cp1x1.dat
0 STEP
1 15 -68.210760 -74.000000 -75.888270 0.707108 0.000000 -0.707106 0.000000 1.000000 0.000000 0.707106 0.000000 0.707108 s5x1.dat
1 15 9.822411 -74.000000 12.500020 0.707106 0.000000 0.707107 0.000000 1.000000 0.000000 -0.707107 0.000000 0.707106 s5x1.dat
0 STEP
1 15 -6.875002 -24.000000 228.125000 0.000000 1.000000 0.000000 -1.000000 0.000000 0.000000 0.000000 0.000000 1.000000 cp1x1.dat
0 STEP
1 15 -9.999934 -74.000000 300.000100 0.000000 0.000000 1.000000 0.000000 1.000000 0.000000 -1.000000 0.000000 0.000000 s3x1.dat
0 STEP
1 15 11.875080 -99.000010 278.125100 0.000000 -1.000000 0.000000 1.000000 0.000000 0.000000 0.000000 0.000000 1.000000 cp1x1.dat
0 STEP
0 NOFILE
0 FILE 3wall
0 3wall
0 Name:  3wall
0 Author:  
0 CustomBrick
0 NumOfBricks:  3
1 15 -5.000000 -49.000000 30.000000 0.000000 0.000000 1.000000 0.000000 1.000000 0.000000 -1.000000 0.000000 0.000000 s3x1.dat
0 STEP
1 15 -1.875000 -99.000020 -23.125000 0.000000 1.000000 0.000000 1.000000 0.000000 0.000000 0.000000 0.000000 -1.000000 cp2x2.dat
1 15 -1.875000 -99.000000 26.875000 0.000000 1.000000 0.000000 1.000000 0.000000 0.000000 0.000000 0.000000 -1.000000 cp2x2.dat
0 STEP
0 NOFILE
